intrinsics:
  fx: 570.3405151367188 # pixels
  fy: 570.3405151367188 # pixels
  cx: 319.5
  cy: 239.5
